1.78105279513 52.8853780164
62.687996012 22.9828797907
45.1001042579 83.4499948542
23.2035668744 81.141019406
77.4662337641 95.5342304932
24.9090782648 7.4171864264
52.9596557628 70.5202765194
76.3888822561 9.55957551482
85.9324443525 27.6878980759
40.8528884285 11.1759091321
65.4319413312 23.8526135303
90.9791369313 26.876429154
28.9608277285 97.5338633249
12.7622785989 64.9838436027
48.6266304378 51.9727965347
68.4149843227 52.0960369298
34.4743164277 44.9783710123
54.4280539843 52.4125031033
96.5367169973 49.0006555237
30.0850884393 79.8815638117
39.5956319268 2.63399433544
23.0355556371 9.08441679305
93.1748726028 28.6195754638
54.7043119825 51.3072476438
30.5551059104 53.7266077854
45.2081822545 83.5158041895
71.8141341582 16.8881307937
27.196136095 33.193410178
30.8709976812 61.6477362151
83.0694284981 74.9201143196
30.8722151131 92.709009888
13.7116812057 71.7659373943
48.1156857559 26.8435886016
75.6347651674 74.7849968365
86.3032542092 5.97026895848
34.1514246909 15.5004752773
61.5271758599 14.4946530373
50.8265184437 88.1519105523
38.880829241 90.326657615
9.21927427532 75.6054120244
38.5716928192 49.3295032751
42.9035728587 82.9884701681
99.6703763334 42.8029253087
51.3228268796 88.477417926
33.0784932406 2.44820207616
6.09192346284 10.9683913412
77.0918260448 86.6292875677
22.7911908685 91.7654888438
59.4140746628 27.0870253867
95.1738864295 50.8261356316
6.7880979525 64.9371798283
79.2255656477 81.1157775738
17.9642973284 27.6991508075
49.7343265393 87.313377893
4.40119660899 94.4347327638
53.1709366099 70.4598973763
2.11239115666 13.0429358261
22.1262812369 37.2230532174
6.96468148025 81.3471218976
47.8559612519 25.7338563082
25.0373696659 32.1886747831
26.9592049906 81.7436089179
80.6487242246 13.6740307033
16.7309799637 80.8122431203
65.8498950499 16.5930337832
15.4388190628 69.6055893873
7.65940105556 70.743320175
80.7670267192 98.5269630176
95.7672286572 81.3741770289
88.8824930651 12.4391069938
81.8645802996 90.8257834431
35.9131840237 0.2931281015
0.868578203124 8.71163511141
98.4889976967 0.0314082941594
17.3619790313 91.1108159696
48.0650572292 42.6160438453
27.1379946003 50.611960371
70.8174791054 66.1673723157
82.6172128514 63.3600500619
4.58033307208 64.6633524739
95.0001159385 95.3433036941
46.8665976256 54.2353432575
78.3695267581 1.36060113611
57.8218253343 73.9696510126
57.0086733451 22.6725240455
87.0549711123 64.2161660403
60.0131290692 61.2331664441
56.3307911249 49.7373945488
10.7170789125 87.832773754
28.7800838795 97.9489620975
90.9811499644 70.3372855377
94.3799148856 28.7748445735
48.5371278814 59.69297076
34.31472477 72.4334879634
24.7051543956 40.2366148275
69.1815706356 71.5363968621
55.3786724919 71.0602790879
17.6404952057 28.9956287258
65.3509548146 18.5506740206
9.35628095853 30.1155234443
45.9485942819 25.9695199
63.2266163272 17.9799415923
47.8124085431 9.4190618563
84.7738015115 85.6615504279
5.45654675259 59.1282056742
68.7789603675 60.5817098638
64.5900467406 84.7354435154
95.7494129194 24.2684667991
43.1131872667 71.8574846142
74.7324967966 98.4943230158
13.7560347712 60.2818862493
10.3145160007 46.5661602803
31.1137948942 65.223094919
37.1568569815 52.7113390673
64.54393361 95.9605406171
71.4959184479 86.1470837856
66.0949492514 75.1622611935
38.6753656112 86.1915041019
74.4370640235 71.0962754801
25.6386256533 87.5243563841
93.8455415017 3.61718786369
11.4599573098 30.4405461408
36.0644196146 27.235180038
44.3174905342 23.9721298661
53.4442167839 30.2272613231
62.8263052466 86.6972375794
39.9388970996 53.5459518174
78.6222173457 32.6309400166
87.7329567586 61.2538912482
9.48265406372 76.2464589461
83.6555735675 64.8232152134
50.0062071383 57.0971845583
62.2186376956 90.5648706403
80.8908442748 8.59945309932
88.8423902909 42.1101040611
8.36599214942 10.1566972969
92.9487374369 90.5793960653
12.6893948666 87.325610864
97.2925511632 85.9631013104
15.8388427154 74.7083834045
63.8943819548 21.0995692962
5.32991828031 24.3460734963
12.3023503453 32.4204044971
66.9302959707 26.33123013
14.1334593328 5.34046730356
30.3708901277 61.969724172
73.8179782028 90.1662652098
57.659536418 14.525038039
80.9279503548 97.5588917636
62.7796119169 93.879288391
42.8906387268 3.252371017
67.1129213414 11.4956572341
83.6869740696 89.5717917539
44.2794516404 67.3100365004
2.95899255996 7.76959457231
82.2732455795 0.797836381051
80.305786015 53.339824286
20.3048783934 81.7362481562
79.5909272939 13.0616003996
33.9199055235 94.167539612
93.4093560202 55.760566625
20.3372412004 83.5062842539
9.47636498413 17.5567205277
65.8482794121 10.9812271403
80.0122666678 87.0035138921
74.614941426 51.1783370637
54.6814255276 7.93350767359
32.7080688134 72.8022814475
29.5027650892 0.375012411226
10.30308377 13.8665002507
99.0563170643 42.9402651801
66.328142868 9.04394958295
97.8569350857 31.1340125723
39.344468268 71.7151752041
13.9986968387 48.6738590303
54.5443443134 21.4048124915
31.5786316848 15.5465829751
20.1009219009 14.657343842
97.2413411696 33.5743726318
28.2834546353 8.63173410317
29.9888829003 68.3326979483
18.2412121957 84.5686123328
91.8616388131 89.7154856732
23.2208072044 34.5975667848
9.70938526822 1.9321720358
17.6912495725 25.3673611985
11.2874951585 88.6117930091
81.9075919811 95.4718522287
1.42294392307 44.5909693037
15.6860098754 25.8792352087
67.8633293662 83.817271672
82.9041774384 2.3005949157
6.88986503255 2.79901057231
51.7411696992 77.6594009392
10.5257964006 7.36439776122
75.5610618658 36.6779654183
10.9320493747 15.9609355912
67.047192762 57.7650432749
41.8790067913 39.5275945213
40.6206966999 45.5060653574
93.2547438865 88.8537681802
38.1820039972 78.3135375153
5.83003369525 16.6162806293
60.3557739822 79.1679515693
78.9435848137 44.2641451772
59.2382737036 37.4899469225
18.2288904181 5.53993869259
52.0606557125 84.2877874911
81.0429306425 44.658780245
44.2281825796 65.7114680005
60.4719581637 87.9391827254
11.7123988869 12.2011702614
35.3822611815 9.47728947519
3.34952142649 78.8603955811
33.2164844855 2.74072608281
71.0240463283 81.6535853794
51.0627837699 73.612572987
93.6150961137 47.3892705233
57.1888187503 79.2025426725
86.4133718941 69.9508085457
60.8275945925 74.4581213084
63.6925469484 92.9138431983
59.9318991609 36.8513449671
50.6751855039 58.6177774403
23.5718512928 10.5423275864
19.824356476 37.018010348
99.1648533547 85.4941669264
12.4004176452 32.8639486314
35.5200627165 4.16838237609
40.1826101489 24.2668587712
73.6573517803 36.2023099624
48.3450509697 11.2234170517
41.2105661329 5.74291295134
38.0806639079 29.4905856145
32.257803096 10.8556782724
27.8399007595 75.6074703298
47.1568844769 96.2017742549
6.14783966778 49.1968414211
31.7590569987 0.732060263009
54.6144147293 18.5975055264
68.4833954339 20.916877053
98.5095850964 23.5397673221
38.1738525273 33.7509818925
22.0009498769 98.7143801681
6.57012157032 15.591921757
42.7002686231 62.2098545489
61.2558903596 43.0537681848
42.067238034 75.0424539139
27.6120981985 63.6650092179
70.5002573215 21.6443776558
46.9879974845 88.4269672642
69.2924465755 20.9787289796
20.5646675821 6.7723017628
46.4833064435 9.64600898534
84.472361892 23.3588031931
36.6599979697 78.074166557
44.9422953575 14.7451943636
77.6079210342 99.4548446062
17.6518026238 74.2357104625
55.4185784403 10.8885138849
69.7704133317 42.662400259
78.0546443821 68.7109876062
13.6460052207 91.9175463845
81.4841046927 82.4281435739
34.058527831 69.9731070842
58.0034244988 26.3129046229
2.27717946467 38.0769958366
40.2056915395 50.60106993
64.6558846718 80.5704969605
66.7949167653 93.3234726114
26.7441801923 61.8235322972
27.1516953755 97.52702841
27.8299859743 54.1366401607
42.3307530541 45.4950035879
33.1891733285 11.6636844591
30.6345556823 75.6894495674
79.2078638488 46.012750684
76.0343401784 76.3192026135
9.4938673684 74.8625202256
63.227738527 13.4870138847
87.578038394 67.9405048299
73.0706738491 78.2206274479
95.7315446475 22.5543698347
44.3005340187 79.8204825273
45.8853656599 95.5154762216
48.5147681077 93.9188798817
48.7015053417 83.2116025429
17.3647301219 34.7744014497
28.0944729536 54.1061055251
41.6519983628 98.2178665188
57.3535980552 55.398467556
64.4030349719 17.8060083963
76.1817654905 77.045749398
26.3021398831 65.9053473269
15.8871502106 96.9778788733
65.7774867382 35.4102573703
1.19011467497 4.4010484603
12.2753931321 52.0302826679
59.5406515738 65.3709140778
96.9318336192 50.9596607362
37.3023312667 86.708634322
49.0692485011 45.6690418179
42.8527150545 77.4397343089
58.8839586968 75.1073017782
51.6641958686 85.042031895
5.15098092302 38.1525117475
44.486301822 75.299305404
36.7313337281 22.8314294859
40.5189785904 93.1157163742
71.0030152788 35.7107620088
28.9127781663 16.5077366557
74.8479951753 25.7423414168
89.2087540956 85.815880303
77.6025918377 2.86057914268
23.0129048915 71.4045869804
51.7154134653 34.4361291741
68.9674580276 5.12260842989
15.4602867001 17.3113686902
55.1609977732 27.4010812177
16.5898029123 38.3069092327
6.57587243856 22.5227731826
78.4005885415 43.428311354
95.5268620324 92.4279843634
16.3347292506 60.0643669642
67.9526331572 10.8588774149
57.0642895808 2.95897982816
89.9243463501 51.5595008956
16.903989538 26.1854003841
90.8691555913 14.0870602352
2.24687304972 73.2281917317
62.0833989439 36.0471475951
21.9205813441 13.4539045563
46.8513706666 46.8957118108
7.27307339965 6.63195018046
73.8263846412 28.0379030528
89.9084163374 74.8161624984
13.3986900879 16.0140035406
7.53465693364 5.09010028132
3.91416633993 14.7672644869
70.4067931808 97.9787293529
82.8196845731 89.7065688349
35.4561645253 45.3605321973
65.9142203207 24.7361468193
71.4265454026 10.1118719423
15.3272484586 54.4165308112
27.2262237743 67.4218978166
61.8021761204 14.5469838357
56.5220531249 51.9828880227
33.1756407342 30.8591775416
67.7450084667 89.5898998166
56.2035656829 84.1889014657
71.9992827144 90.7885827037
5.61009777872 56.1764593919
21.7451081602 76.5382931006
73.7937693003 4.45555370935
95.8679245019 31.0730482187
26.0804259626 10.9169921554
26.6205686716 80.9307600289
8.02310102286 33.3848664422
81.3550729273 93.4063784607
15.496092923 90.0364581508
73.6561930417 36.3242992922
61.2232705869 5.53613952785
61.3176728561 29.0020989295
11.0007323124 47.5600259569
77.1351597205 55.0730645385
95.8565446276 88.0629549795
53.3443998408 87.1007550876
42.2710535757 31.0139396304
81.5422934779 83.5605997427
86.5795018174 17.7381967747
29.088867121 65.399034069
49.9109314636 34.7088856095
62.6217757298 94.083853268
82.0149212921 88.7380354719
45.6303764642 43.7016556294
78.2044544239 87.2906134714
35.5199059305 34.9814001827
55.4760887932 83.472159335
18.8499683172 0.153450711211
18.8948477045 50.1771075111
47.6330988878 88.8364097807
33.6486338785 93.5371188231
24.4805564745 75.32149995
42.4854845303 98.6075979203
62.627340966 12.7520161327
8.62014908996 71.0321733773
54.3777471027 3.00996269501
34.232619015 87.4850984437
83.5827897062 61.3361125061
36.6914206397 93.907475873
37.6828421175 72.3039559251
66.6983426887 12.5646309444
33.4097887008 29.5907127261
34.2734395826 9.38637239609
7.45689163382 79.0236111976
45.5548260162 5.01223315949
89.6408788755 64.0115665777
47.3881890161 36.1324949133
17.1981743178 72.6586318154
20.047220973 75.83168344
63.0525350682 50.7718761574
44.1617537915 70.8619786972
18.1000729707 13.7305535148
22.0562926433 88.3581487602
25.9125442554 17.4411749466
64.9572728728 24.6931784236
85.1576321114 33.5821775658
94.2084844114 27.2189391148
75.8734284028 58.8642279166
26.5759861747 50.9591143108
81.4406881391 72.603510731
16.7168333837 71.841679505
41.0905475327 79.6517273808
34.0843759551 66.3954151461
71.2963455344 7.39669799711
49.190578708 50.2655088465
22.4468847257 77.0917704981
4.81303259569 88.008603912
53.3316681247 74.8268298123
41.6190943374 40.7544847075
50.2199357884 39.8999767233
18.1680978717 31.760132404
50.832727451 7.22649261557
19.7397692771 21.346814678
27.5991952995 87.0501014272
72.6314494639 56.8348687594
18.2745460603 73.9578241274
97.1094826161 45.0039955787
98.504071528 23.9482609571
81.8328001933 29.2086670798
63.1239395972 58.8258867027
96.2097736869 56.5012594421
29.7412670604 60.707339598
71.1335124345 50.4755274349
74.7033691701 45.917153479
2.05897325021 85.9549925705
52.8113132946 38.0353703441
69.6574166912 95.0977953776
87.9869119313 76.9575482204
20.7851046075 98.1455421698
90.0429701612 91.9982630155
1.63340521285 18.4365334423
19.4013673519 92.7464711854
43.9578352285 48.4743503715
10.0777371477 26.132464881
52.4454283583 5.07868599776
92.1450137437 51.4952185493
28.3286357729 44.4744242021
70.3529255467 89.7780864406
96.8447709882 97.7738845174
69.4977949735 16.1035329715
98.2964612662 56.6754286278
79.6879455084 99.0215063002
34.3348256308 71.7436049993
45.6037854764 57.953624911
20.4665451763 29.3202641366
45.2449658741 49.5381272936
38.047907385 98.5479516213
75.0245496079 69.1895888446
51.7725453405 38.2438473537
29.6219974526 40.325343058
80.3599748581 31.4073727181
76.6961443931 62.2574360979
68.7919271974 30.7258036168
13.5876179029 42.2240089436
20.3096068216 96.6381624771
3.14240472353 9.47809173371
55.6326874656 77.2752517589
74.7644393872 79.8257067085
95.5366994921 52.3101860316
98.7154036602 46.4300265214
68.8814402221 38.4153720921
89.3245483602 67.817149697
74.4113575627 39.5041964395
73.8722605927 1.37154731299
96.266012747 11.6838935541
74.2160578245 23.1596449693
47.1315505621 94.2194655225
70.5398999598 22.2603341529
73.7979962597 48.8837532322
57.6948477291 74.4305540999
67.9605699847 83.3608740498
97.9428957375 74.3947258027
41.3651854905 24.9211023274
26.4118477556 61.6207683282
45.7797853675 85.9196739017
4.48006165815 33.1511121142
61.4954844533 32.9289936851
84.1801334448 94.4218965254
69.1071160194 70.6514017763
49.5189685758 9.541447901
91.8429362928 72.0409631193
97.8501273163 74.9925517647
11.9099366368 7.5544454822
87.4476496404 98.7247510066
41.0992538111 65.4429558209
69.5694146238 46.510079431
64.613063639 71.5645686224
57.4174801254 64.7728729855
54.5847522666 67.2003644955
77.8300996359 39.1866286937
65.903790385 25.4649331545
47.2834270635 33.5365305022
94.9797581644 34.6399238019
30.4589926486 76.0767315735
13.1990037802 81.6924152608
2.14240573364 24.805694741
23.2179987365 24.5380380672
56.0078329325 97.8813840359
16.9516865848 47.9255203061
52.7060636409 16.9952735295
94.0703794591 1.0979594821
76.2556390658 56.7751314461
68.3325771697 59.5058207944
48.4020761526 68.3997305567
59.6900750919 44.8876704712
1.08830158068 24.9646419944
76.1158690557 69.851655904
92.8340292274 64.5999410131
19.0270534352 72.5528400369
99.3559718834 26.0860425447
23.9896549547 49.3262385625
97.0422590924 66.3973681297
73.9866181848 37.4531091944
95.910410219 68.1848360409
94.6944408437 17.2920462658
72.9061283451 13.1065160123
95.2484251494 59.5381215011
88.551519059 73.3966147426
64.4197192955 82.7756751559
78.3557847423 15.9124584273
17.9265780486 38.3799499974
95.6238480464 31.878316633
85.3397685439 97.2694238249
88.0985876744 37.2069872504
43.4949039844 30.574521012
48.8959628464 42.0983107065
86.4082140626 58.6119264534
96.8368846569 22.044895849
21.1816094151 89.3304530964
9.25732345009 87.9789499194
53.7636460023 81.2666147155
92.1401993352 84.0908731163
76.6906200484 57.7691069141
74.02361776 21.5384253302
31.2498030028 57.658438362
17.2389988263 79.3337047366
59.2877616688 91.3833638603
95.6376273664 81.0804118154
97.5327970992 46.2285833761
90.5482473973 75.5911183573
2.64082437488 91.3411120636
70.9753986952 92.6116642535
17.9828857332 50.1402040281
61.8536712393 24.7398909388
11.4349708201 66.557400639
45.2477090172 72.2995627887
58.4933709972 82.0833344609
59.2471018475 87.8148919757
38.9796236199 27.9484457381
82.082844392 27.983768331
75.7357794737 74.6862886888
34.3279177899 96.7753902146
34.2574607394 97.4176106877
4.47806681801 71.1193084418
47.5551239021 75.6722158037
1.42664951413 76.7980509906
17.6014419119 10.4007057472
93.105818575 22.2280792211
40.9073858015 15.6775553544
7.92904648178 20.409275988
50.4973180654 22.5315682666
19.8657901372 99.9724311835
56.1532283149 46.8426155378
9.68799422893 2.10137574129
56.5805721455 28.0683721807
35.9118633001 17.1117044601
89.5245108045 15.169910056
26.7189758807 12.0891226727
22.7848532063 43.9003561826
16.9899646982 69.8019512537
0.631896926748 72.1409264098
98.6542820201 22.4639881676
21.906302405 41.4305451917
79.4351787284 16.8471416917
52.3874604681 78.9329678924
93.9667303697 55.0725014346
78.3431417049 93.0008742639
58.8997585302 98.2922622531
26.2749660154 14.6816233094
18.6371750913 33.1655721987
10.0457428738 7.97514021518
36.8517091041 99.0690372458
93.684055969 40.7644354642
25.2336645892 1.355122371
41.6566222759 8.88145588353
31.0124406889 14.2686331139
7.89472845936 17.9094072966
63.0393940761 80.9206407323
20.866805717 28.9723788191
20.6577112847 88.0317538855
87.6503201599 45.7860950077
38.6259559227 15.0092179936
62.6226939276 49.8250783984
33.3137142556 97.2748000773
68.1530656495 49.0918918952
0.21354649229 36.5626362935
88.0128150679 78.1582260873
83.9994854052 8.467813947
19.765945574 51.1276365385
37.6761699402 67.4160710387
26.3060278656 28.7566811438
34.5075581565 54.506016661
47.1250621851 37.2109781414
84.5218130148 2.49925009601
45.8921599707 41.613922622
52.983561375 20.3975013936
62.8786394924 57.5723975055
74.8169537852 71.0694651103
83.6821744491 49.4010356018
6.47809724126 58.0741924862
3.73165239843 33.6062428541
9.46008533307 65.6718133308
45.3848869797 68.9518699485
71.0255389173 40.7488348608
85.1243213341 46.6176014568
25.3673745998 65.8601283312
72.261417761 10.3387608105
63.7672077442 79.3575261023
97.5999588485 73.1949249264
6.89417911018 17.4538414584
64.0270890547 78.1182834943
35.2733902773 70.5577529294
23.5048966664 0.924846535709
26.6739166476 34.8141783318
11.6317073291 46.4306346092
75.7880923152 7.58788600511
23.0046799069 40.9307877216
79.6920505309 91.8574632861
12.891825477 58.2774935204
62.1145363853 73.8966239588
14.3847249419 68.5420732731
72.5397543907 82.6018856478
6.44352886529 22.4599082897
77.2676213096 97.1970365125
76.9763276508 13.2238982251
70.1360177764 46.6263940527
88.0456685868 7.62038693272
16.3860879123 25.1198553566
26.5380824504 45.5700050622
92.6040347437 15.0981366848
48.9777953828 33.2756711534
44.9933812376 82.8709185637
18.3246142975 12.1528174874
51.4512601736 69.7016773942
52.1166481972 84.2573403752
36.7325109954 24.7684454778
93.571839556 99.1261964997
88.0900538531 68.2449647704
2.28014520085 39.8091927932
96.3291550589 11.0689015629
28.3939359048 60.4462747215
56.7177706879 76.3648110325
84.9823781447 55.9289912063
6.83646839117 39.7779771636
27.9512106492 59.6480501947
34.092054348 75.6297008994
78.9598351678 63.0877053578
12.2542416209 18.9271394173
81.8669479937 99.4858471888
55.8311473891 80.1629647306
17.3043944505 57.860093142
50.8438809179 21.9233408529
14.0370319825 26.8100462423
27.7467264124 87.9938614651
29.7420229508 11.4077215035
65.3672573053 73.3702973492
36.8992044585 22.3576627643
60.3064323616 22.612556474
1.88480082665 76.133255408
77.6803301685 45.6832852224
64.2275061064 68.3592527395
26.7582471429 95.9935449077
77.5363382106 55.3237770886
21.3505749585 16.6881685162
6.26907704907 7.68761966992
8.31034518145 98.3140509654
6.44906855619 68.4606624258
70.2314080905 95.5868268258
81.9703915904 84.290194277
27.3252590644 90.5256778302
70.5390076055 41.079272886
29.9470492799 50.1583652592
38.3057340522 10.3575575667
52.288098864 18.0961667255
86.7145686646 72.6811384084
79.3411711471 90.8468857186
91.2940396639 36.6109547009
57.3553911194 29.2159858096
97.1153422053 43.4044794557
35.9354240808 74.2709219595
1.65386978998 82.1582616487
98.4142594242 61.294935058
40.5817964207 10.7877331233
14.7587871672 93.1467924955
44.1044313049 34.19921045
97.0212605468 15.6053109954
89.5095263677 60.9334471628
52.017612216 67.2823105405
0.857141514082 53.2097184339
31.7198620863 71.9540506287
75.0563867623 50.1337170236
33.2519468047 43.9433966534
29.4208685185 96.524230891
42.2134522339 17.5918738542
53.6018669513 53.3540086001
83.5388185058 62.607149493
84.4547297131 34.6935358607
46.9751869594 62.4180598974
70.2082648557 57.2824083045
35.9350870278 90.262101655
21.8418984643 76.3885764546
65.0758600992 3.41015177739
90.6395900588 97.740974984
10.6820284143 0.87831812363
20.0161127887 80.4802817511
27.385176777 59.9505066835
21.8773394477 7.4915083655
79.6290753454 0.764017300722
90.3524611956 39.2207646369
29.2443983144 21.8490835104
55.4860130998 47.1254536985
79.4890186626 18.3978296389
72.6520626334 32.1628948808
72.2442333733 91.5387580728
66.3774999689 70.0391951954
52.2166934979 77.7782096707
33.9362126343 10.7260020198
94.4732385496 97.1525520556
78.7522521136 84.3406739416
89.197913603 80.5935510832
94.8737783302 83.1150943757
50.0407475474 57.4556001694
74.7730122688 37.2996335675
14.0895891696 73.1965300512
91.5649285196 13.9670304035
34.3570734283 52.2846827251
19.5679754261 63.1450343241
64.2002691684 66.3535462475
89.4544921272 65.270076154
9.79335916176 7.62317083851
35.5343751299 6.12822955497
95.0898161895 69.6987016486
64.8095393379 27.6027093621
11.0115180408 49.2667932201
52.4730654507 32.8261487333
80.1794357473 15.3224311952
92.1321127904 57.5139079898
74.5078536565 9.93704648635
58.6062030383 3.86762307373
72.892563019 63.324003903
32.8525630727 94.6575099307
43.4614994961 32.4650106144
42.7080744216 76.0268116237
91.8611780224 74.7181361264
22.2735957139 2.23983249767
1.52579833268 79.0991170115
50.4006786999 24.8291679625
50.8551732199 41.0878387437
36.1210738834 24.8268252739
60.3418015645 39.0405947975
18.6477197225 50.2509130003
47.8235161677 15.7774096657
41.6784027924 81.2217077552
10.9661163799 65.5587412912
10.4757654016 22.2955097823
31.5130510555 42.0299343659
40.4851594701 57.7327424978
88.6562194006 54.5684073525
39.3242951792 71.2166397488
5.38668265301 38.1967123305
97.9883337643 63.4590265869
28.1723103826 78.29795091
95.1765072911 86.5686529102
58.8302236778 70.5768286397
25.8530769768 1.00646204528
0.112294043965 19.4242904541
5.9065069366 49.0758710214
36.0896331614 50.7820591802
74.046584319 36.6038987512
74.3798647928 9.26403012954
49.7285378304 97.9199426661
10.1546907037 17.2749649154
59.3493047433 49.0147902988
56.6017370029 6.05631084297
33.2834093023 64.9013313015
68.034627692 86.4020835693
77.4286316922 45.5201511803
59.859567522 60.2483482375
85.185293175 24.2565448561
58.8967687338 99.8665929306
94.8344164125 98.4596205185
93.1198783915 13.8297088142
36.2891221783 4.73387500914
43.0950553044 90.468948501
85.955746401 40.2793880962
18.2352677667 48.5308925126
94.3537041157 68.7725903884
71.9338843545 67.2567428785
72.185493765 55.8880652571
71.3219590419 36.0122420212
13.5544642601 19.041807231
59.6624120049 25.2220828487
73.283050601 9.88368448018
56.6182901103 29.3942514501
20.0617860684 39.6161053014
91.5722545117 90.1241869301
92.4314142697 36.9011714964
95.3485193598 99.957849002
73.7822596557 50.3983657081
61.0806304626 10.6126298465
97.8589703436 75.2186218548
73.7391046249 88.6752676103
77.7437340383 4.11727702959
66.0457914068 42.0144190365
52.5380294694 51.4244012937
8.6585996208 63.5786107247
39.4062896684 46.0186540884
79.5205579483 33.9560871441
58.8218683782 97.0476407267
5.18734705172 7.9930871739
57.7104624086 85.3849530822
8.61911054058 91.7774608941
39.6879661815 7.07110839982
94.2083486616 77.47804505
35.5806393322 34.5654258148
83.1340110322 57.2303218635
61.9696260139 95.4998541862
96.7031950994 40.4027250303
85.2068876924 23.5293391775
18.6050584817 82.4881212324
35.7716260388 74.5936026459
99.4459092493 19.9990089403
76.1710265438 72.4680377949
75.698585206 43.0704857525
17.4227871654 2.92831730177
99.4932518729 61.2390666328
50.613378049 84.5316815118
24.0930356941 13.2287649837
48.862726476 15.840190045
73.6811730318 30.6827620314
52.6816586596 49.7732394731
57.5093455612 62.9939464706
1.43904746746 5.5123074971
45.7734002381 25.4997221983
58.8904867072 80.988572736
64.0294408876 65.7319910764
55.0679079851 46.0021201479
67.5390114567 72.1843869997
38.9467809812 95.6579396027
4.50418644636 49.1673051229
14.348405383 51.1385765771
50.7917700582 28.0284396962
76.7104524266 70.4415996392
51.4934392017 5.6213755732
7.82055280751 85.0480567659
9.27537194873 21.9043681506
27.1471272849 26.9309812056
55.7634141299 91.9490103074
90.8551893346 89.8204211706
36.2262528753 31.6385744523
24.8546049624 21.6891278147
95.8220364147 41.5989843566
89.3743445332 72.452202164
48.2221568434 13.0202419775
22.0648128624 9.06336540104
3.15127165014 67.3567917657
51.5839212574 98.5527572383
35.8050066703 64.261255409
28.178726916 25.1256278863
44.0754495162 78.821225428
11.886661953 29.0126961273
92.749764899 24.7839620462
64.8508243843 28.3378343744
88.1884759122 9.95575465621
24.5222564289 22.2237625715
93.1191415024 34.2452721145
46.9379291061 54.8681302799
12.3983824926 79.3474969621
41.5530343465 32.0492983637
26.711403672 95.8789585657
43.1693733725 70.7676376252
26.4070276 87.7654716678
39.8482522977 44.253047928
30.0429922766 52.1847804943
74.3624579504 29.6748374017
33.081889264 58.6502793663
10.9644310956 93.3066063246
80.9351784004 66.9285749696
76.6798732623 44.7367634623
67.8584012326 59.3475065241
89.3177233961 66.2911774846
77.5887583245 52.2411357528
90.159066478 33.8751070196
72.9753164537 66.0020627868
60.5725057921 2.30124971796
91.1391367027 14.1862741565
67.3119909659 70.17900532
16.1896753559 79.3964468157
77.2383989566 87.846371395
62.8062627662 84.5037640033
77.7350436236 6.00881147528
59.6867285447 13.7483249846
31.0757365486 46.0866715981
91.6806326905 51.2663613826
88.1923472314 50.0806684446
33.6695534292 26.9544117344
69.2870120592 87.806829495
26.196484849 53.9954329058
48.7507497363 36.6837412891
17.2714121772 15.4256929085
85.6217557948 4.47270420833
96.362072153 70.7787398081
20.0295945781 26.5426758949
34.7627777655 80.3559439775
11.0435494716 79.8299535044
57.6630629299 48.308992142
63.5882565976 91.422747319
21.3232791737 31.8926937632
88.0867886259 31.2708791462
1.2865765055 38.3328094434
15.7842501555 9.77654559063
51.1083017383 4.60583327762
6.30970341125 38.0941026761
36.9402196452 50.151929852
72.4266279481 62.3836067159
32.2248205932 52.3474967004
13.6922786662 88.5961539408
42.1251221289 5.16072575743
20.0770232658 4.50002923297
29.4234250212 52.7239931532
29.9443960086 29.4828700454
62.8851431076 93.8039018597
56.1928415234 63.8512824722
0.313399496672 51.2389812677
62.7935564844 78.5680887863
34.2347758092 7.54664843112
36.842656919 20.7631648141
32.0664701335 9.10669880764
42.683459379 90.823173332
13.0743175663 82.5398097595
1.59762485536 16.6840818417
17.639826537 73.5687102112
54.7946645244 3.30147646902
77.9000327981 95.2825150857
4.12260463991 99.263468675
35.2787122233 45.648306458
69.5514602447 60.5054230536
78.791615497 44.0209657256
28.8091348117 31.176201779
20.8266021802 62.5752115467
5.94172851243 95.0898280514
26.9641347275 78.2731443374
28.6841883096 55.9089834655
88.2143137714 80.2233962577
1.25499852951 35.1214768415
54.5102497459 57.3336080935
52.3556867026 32.6873860292
2.76547594568 26.4518762448
40.0838186732 20.1558304289
14.9473279509 93.1054818766
39.4908732976 88.1910142164
84.532969513 0.628232502071
32.2419344708 28.963717063
37.1357553726 83.8862213259
83.4985173317 10.0442646335
81.9163281827 18.357612758
44.2262472986 44.3698375866
61.5314843347 45.9663510964
57.4524288993 64.3805585158
16.9065890231 44.0847849096
36.0671537983 23.8380532845
26.3541189263 91.0311360339
24.7297238939 44.9412473111
96.7466929878 3.22211597905
65.7025806245 11.7097156692
66.7721017883 47.401231759
20.1902460727 40.075703119
48.8087757117 16.2501202876
70.7732592178 95.6548188303
79.2259106142 26.6353153074
87.977865464 95.6011351609
17.8292229623 80.3997922769
57.676873204 5.04167038164
53.7098162822 43.18085601
73.2034508066 3.52902898648
89.4782736104 26.8069734362
47.2263192589 31.4202194985
40.9848796874 94.4645353434
